4294967279,37
4294967279,185
4294967278,521
4294967278,562
4294967279,370
4294967278,561
4294967279,182
4294967278,180
4294967279,35
4294967279,34
4294967279,31
4294967278,520
4294967278,178
4294967278,543
4294967279,369
4294967278,176
4294967279,177
4294967278,560
4294967279,368
4294967278,173
4294967279,29
4294967279,28
4294967279,330
4294967278,171
4294967279,352
4294967279,26
4294967278,559
4294967279,24
4294967279,367
4294967279,347
4294967279,0
4294967279,165
4294967278,558
4294967279,22
43,5
47,4
39,5
4294967279,160
4294967279,19
4294967279,16
4294967279,15
4294967279,13
4294967279,11
4294967279,10
4294967294,61
4294967294,30
4294967294,80
4294967294,39
4294967294,40
4294967294,422
4294967294,388
4294967294,387
4294967294,50
4294967294,126
4294967294,18
4294967294,127
4294967294,20
4294967294,13
4294967294,190
4294967294,162
4294967294,967
4294967294,11
4294967294,909
4294967294,186
4294967294,970
4294967294,43
4294967294,45
4294967294,429
4294967294,1420
4294967294,924
4294967294,0
4294967294,99
4294967294,76
4294967294,9
4294967294,107
4294967294,53
4294967294,52
4294967294,1
4294967279,158
4294967294,973
4294967294,92
4294967294,91
4294967294,90
4294967294,88
4294967294,87
4294967294,86
4294967294,85
4294967294,84
4294967294,1417
4294967294,83
4294967294,419
4294967294,956
4294967294,29
4294967294,923
4294967294,28
4294967294,1422
4294967294,27
4294967294,46
4294967294,425
4294967294,120
4294967294,2
4294967294,393
4294967294,1419
4294967294,44
4294967294,38
4294967279,157
4294967278,538
4294967278,0
43,1
4294967279,152
43,4
46,4
39,4
39,1
4294967294,474
4294967294,477
4294967294,476
22,4
22,5
35,4
4294967294,1424
23,4
21,4
0,5
4294967294,1423
4294967294,7
4294967294,6
4294967294,1418
4294967294,475
4294967294,93
4294967294,95
4294967294,22
4294967294,471
4294967278,132
4294967278,131
4294967278,130
4294967278,129
4294967278,128
4294967278,127
4294967278,126
4294967278,125
4294967278,124
4294967278,123
4294967278,122
4294967278,121
4294967278,120
4294967278,119
4294967278,118
4294967278,117
4294967278,116
4294967278,115
4294967278,114
4294967278,113
4294967278,112
4294967278,111
4294967278,110
4294967278,109
4294967278,108
4294967278,107
4294967278,106
4294967278,105
4294967278,104
4294967278,103
4294967278,102
4294967278,101
4294967278,100
4294967278,99
4294967278,98
4294967278,97
4294967278,96
4294967278,95
4294967278,94
4294967278,93
4294967278,92
4294967278,91
4294967278,90
4294967278,89
4294967278,87
4294967278,86
4294967278,85
4294967278,84
4294967278,83
4294967278,82
4294967278,81
4294967278,80
4294967278,79
4294967278,78
4294967278,77
4294967278,76
4294967278,75
4294967278,74
4294967278,73
4294967278,72
4294967278,71
4294967278,70
4294967278,69
4294967278,68
4294967278,67
4294967278,66
4294967278,65
4294967278,64
4294967278,63
4294967278,62
4294967278,61
4294967278,60
4294967278,59
4294967279,69
4294967279,68
4294967279,65
4294967279,64
4294967279,63
4294967279,59
4294967279,52
4294967279,50
4294967279,47
4294967279,45
4294967279,41
4294967279,39
4294967279,38
4294967279,36
4294967279,321
4294967279,33
4294967279,32
4294967279,30
4294967279,27
4294967279,25
4294967279,277
4294967279,23
4294967279,21
4294967279,20
4294967279,18
4294967279,17
4294967279,14
4294967279,12
4294967279,283
4294967279,9
4294967279,8
4294967279,7
4294967279,6
4294967279,5
4294967279,4
4294967294,97
4294967294,36
4294967294,17
4294967294,41
4294967294,418
4294967294,402
4294967294,161
4294967294,51
4294967294,25
4294967294,26
4294967294,428
4294967294,14
4294967294,12
4294967294,67
4294967294,185
4294967294,182
4294967294,81
4294967294,176
4294967294,173
4294967294,170
4294967294,163
4294967294,82
4294967294,1416
4294967294,68
4294967294,5
4294967279,366
50,5
50,4
50,3
50,2
50,1
48,6
4294967294,1425
48,5
48,4
48,3
48,2
48,1
4294967294,460
4294967278,557
4294967293,131
4294967293,130
4294967293,129
4294967293,128
4294967293,127
4294967293,126
4294967293,125
4294967293,124
4294967293,123
4294967293,122
4294967293,121
4294967293,120
4294967293,119
4294967293,118
4294967293,117
4294967293,116
4294967293,115
4294967293,114
4294967293,113
4294967293,112
4294967293,111
4294967293,110
4294967293,109
4294967293,108
